version https://git-lfs.github.com/spec/v1
oid sha256:76fb9983ff974d3d5f588d96d3bbc64fa7f7f2bb9b97e5842335528acd5acf39
size 109744
