version https://git-lfs.github.com/spec/v1
oid sha256:0e13ef4ce361cd4281bccb2593d3d56e7ff0d63cab8afe352dda7b5e8352b47e
size 109744
