version https://git-lfs.github.com/spec/v1
oid sha256:0274bb8eae66f1b51e469c54c42db910943539c6bbacd78f4aaeb20dcabbcda1
size 109744
