version https://git-lfs.github.com/spec/v1
oid sha256:1da05c696b1892698518792132f2b36b6914ceb344111d6e19b59b530f30c549
size 109744
