version https://git-lfs.github.com/spec/v1
oid sha256:2c64cdf2466ff79f2d49168a6235d2dbffbb84b4aae227806950fc045816499c
size 112876
