version https://git-lfs.github.com/spec/v1
oid sha256:3bdf6a50f62ebd5951a5414e1e628bda908343a9ac27959ff8375da25407ba16
size 109744
