version https://git-lfs.github.com/spec/v1
oid sha256:fc9118f31918925beb4c1dbff2234a71432e7c6fd7497844bcc1f8200ca5f55f
size 169
