version https://git-lfs.github.com/spec/v1
oid sha256:397b50ed55e2d8765f9065fefa1f1606fe7eb331284a0b27d83426358a2153a0
size 109744
