version https://git-lfs.github.com/spec/v1
oid sha256:79e24d835f6252d42b873d657e5ab8c6d38d37adaf324f0905362bd534415e2f
size 109744
